0  6  0
0  12 0
0  22 1
0  26 0
0  27 1
0  28 0
0  32 4
1  2  0
1  3  0
1  6  0
1  7  2
1  8  2
1  12 1
1  13 2
1  16 0
1  17 2
1  18 2
1  19 2
1  20 2
1  21 2
1  22 0
1  26 0
1  27 1
1  28 1
1  29 2
1  30 2
1  31 2
1  32 2
2  2  1
2  3  1
2  4  2
2  5  2
2  6  1
2  7  1
2  8  0
2  9  1
2  12 1
2  13 0
2  17 1
2  18 1
2  19 1
2  20 1
2  21 1
2  22 0
2  26 1
2  27 1
2  28 1
2  28 1
2  29 1
2  30 1
2  31 0
2  32 2
3  1  2
3  2  0
3  3  0
3  4  0
3  5  1
3  6  0
3  7  0
3  8  0
3  9  0
3  10 2
3  11 2
3  12 0
3  13 0
3  17 0
3  18 0
3  19 1
3  20 0
3  21 0
3  22 0
3  26 1
3  27 0
3  28 1
3  29 1
3  30 1
3  31 0
3  32 2
4  1  0
4  2  0
4  3  0
4  4  0
4  5  1
4  6  0
4  7  1
4  8  0
4  9  0
4  10 1
4  11 1
4  12 1
4  13 0
4  17 1
4  18 1
4  19 1
4  20 1
4  27 0
4  28 1
4  29 0
4  30 0
4  21 0
4  22 1
4  31 1
4  32 4
5  1  0
5  2  1
5  3  1
5  4  0
5  5  1
5  6  0
5  7  1
5  8  0
5  9  0
5  10 0
5  11 1
5  12 1
5  13 0
5  17 0
5  18 1
5  21 0
5  22 1
5  26 0
5  27 1
5  28 0
5  29 0
5  32 2
6  1  1
6  7  0
6  8  0
6  9  0
6  10 1
6  11 1
6  12 1
6  13 1
6  16 2
6  17 1
6  18 0
6  21 0
6  22 0
6  24 2
6  25 2
6  26 1
6  27 1
6  28 0
6  29 1
6  32 4
7  1  0
7  2  2
7  7  1
7  8  1
7  9  1
7  10 1
7  16 1
7  17 0
7  18 1
7  21 1
7  22 1
7  24 0
7  25 0
7  26 0
7  27 1
7  28 0
7  29 0
7  32 2
8  1  1
8  2  0
8  7  1
8  8  1
8  9  1
8  10 0
8  13 2
8  16 0
8  17 1
8  18 0
8  24 0
8  25 0
8  26 0
8  27 1
8  28 1
8  29 1
8  32 2
9  1  0
9  2  0
9  7  1
9  8  1
9  9  1
9  10 1
9  13 0
9  16 1
9  17 1
9  18 1
9  19 0
9  24 1
9  25 1
9  26 1
9  27 1
9  32 2
10 1  1
10 2  1
10 7  1
10 8  1
10 9  1
10 10 1
10 13 0
10 14 2
10 15 2
10 16 1
10 17 1
10 18 0
10 19 1
10 20 2
10 32 2
11 8  1
11 13 1
11 14 0
11 15 0
11 16 0
11 17 0
11 18 0
11 19 0
11 20 1
11 25 2
11 26 2
11 27 2
11 28 2
11 29 2
11 30 2
11 31 2
11 32 2
12 4  1
12 8  0
12 14 1
12 15 1
12 16 1
12 17 1
12 18 1
12 19 1
12 20 1
12 25 1
12 26 1
12 27 1
12 28 1
12 29 1
12 30 1
12 31 0
12 32 4
13 4  1
13 8  1
13 14 1
13 15 1
13 16 1
13 17 1
13 18 1
13 19 0
13 20 1
13 25 0
13 26 0
13 27 0
13 28 0
13 29 0
13 30 0
13 31 1
13 32 2
14 4  0
14 16 0
14 25 1
14 26 0
14 27 1
14 28 1
14 29 1
14 30 1
14 31 1
14 32 2
15 30 1
15 32 2
16 4  2
16 16 2
16 18 0
16 32 2
17 18 1
17 30 2
17 32 2
18 18 0
18 32 2
19 32 2
20 18 2
20 32 2
21 32 2
22 32 2
23 32 4
47 32 3
48 32 3
49 32 5
50 32 3
51 32 3
52 32 3
53 32 3
54 32 3
55 32 3
56 32 3
57 32 3
58 32 3
59 32 5
60 26 1 
60 32 3
61 26 1
61 32 3
62 26 1
62 32 3
63 26 1
