2 6 -2 0 0
2 11 -2 0 0
2 19 -2 0 0
3 4 -1 0 0
3 5 -1 0 0
3 6 -2 0 0
3 7 2 7 0
3 8 2 8 0
3 9 2 9 0
3 10 2 10 0
3 11 -1 0 0
3 12 2 12 0
3 13 2 13 0
3 14 2 14 0
3 15 2 15 0
3 16 2 16 0
3 17 2 17 0
3 18 2 18 0
3 19 -1 0 0
3 20 2 20 0
3 21 2 21 0
3 22 2 22 0
3 23 -2 0 0
3 31 -1 0 0
4 0 -1 0 0
4 2 -1 0 0
4 4 -2 0 0
4 5 -1 0 0
4 6 -2 0 0
4 7 -2 0 0
4 8 -2 0 0
4 9 -2 0 0
4 10 -2 0 0
4 11 -2 0 0
4 12 -2 0 0
4 13 -2 0 0
4 14 -2 0 0
4 15 -2 0 0
4 16 -2 0 0
4 17 -2 0 0
4 18 -2 0 0
4 19 -2 0 0
4 20 -2 0 0
4 21 -2 0 0
4 22 -1 0 0
4 23 -2 0 0
4 25 -2 0 0
4 26 -2 0 0
4 27 -1 0 0
4 28 -2 0 0
4 29 -2 0 0
4 30 -2 0 0
4 31 -1 0 0
5 0 -1 0 0
5 1 4 1 0
5 2 -2 0 0
5 3 4 3 0
5 4 4 4 0
5 5 -2 0 0
5 6 -1 0 0
5 7 -2 0 0
5 8 -2 0 0
5 9 -2 0 0
5 10 -1 0 0
5 11 -1 0 0
5 12 -1 0 0
5 13 -1 0 0
5 14 -2 0 0
5 15 -1 0 0
5 16 -1 0 0
5 17 -1 0 0
5 18 -1 0 0
5 19 -1 0 0
5 20 -1 0 0
5 21 -1 0 0
5 22 -1 0 0
5 23 -2 0 0
5 24 4 24 0
5 25 -1 0 0
5 26 -2 0 0
5 27 -2 0 0
5 28 -2 0 0
5 29 -2 0 0
5 30 -2 0 0
5 31 -2 0 0
6 0 -2 0 0
6 1 -2 0 0
6 2 -2 0 0
6 3 -2 0 0
6 4 -2 0 0
6 5 -1 0 0
6 6 -2 0 0
6 7 -2 0 0
6 8 -2 0 0
6 9 -2 0 0
6 10 -2 0 0
6 11 -1 0 0
6 12 -1 0 0
6 13 -1 0 0
6 14 -1 0 0
6 15 -1 0 0
6 16 -2 0 0
6 17 -1 0 0
6 18 -1 0 0
6 19 -1 0 0
6 20 -1 0 0
6 21 -1 0 0
6 22 -1 0 0
6 23 -1 0 0
6 24 -1 0 0
6 25 -1 0 0
6 26 -2 0 0
6 27 -2 0 0
6 28 -2 0 0
6 29 -2 0 0
6 30 -2 0 0
6 31 -2 0 0
7 0 -2 0 0
7 1 -2 0 0
7 2 -2 0 0
7 3 -2 0 0
7 4 -2 0 0
7 5 -2 0 0
7 6 -1 0 0
7 7 -2 0 0
7 8 -1 0 0
7 9 -2 0 0
7 10 -1 0 0
7 11 -2 0 0
7 13 -2 0 0
7 15 -2 0 0
7 16 -1 0 0
7 17 -2 0 0
7 18 -2 0 0
7 19 -2 0 0
7 20 -1 0 0
7 22 -2 0 0
7 23 -1 0 0
7 24 -1 0 0
7 25 -2 0 0
7 26 -2 0 0
7 27 -2 0 0
7 28 -2 0 0
7 29 -2 0 0
7 30 -2 0 0
7 31 -2 0 0
8 0 -1 0 0
8 1 -2 0 0
8 2 -1 0 0
8 3 -1 0 0
8 4 -1 0 0
8 5 -1 0 0
8 6 -2 0 0
8 7 -2 0 0
8 8 -1 0 0
8 9 -1 0 0
8 10 -1 0 0
8 11 -1 0 0
8 12 7 12 0
8 13 -1 0 0
8 15 -2 0 0
8 16 -2 0 0
8 17 -2 0 0
8 18 -2 0 0
8 19 -2 0 0
8 20 -1 0 0
8 22 -1 0 0
8 24 -1 0 0
8 25 -1 0 0
8 26 -2 0 0
8 27 -1 0 0
8 28 -1 0 0
8 29 -1 0 0
8 30 -1 0 0
8 31 -1 0 0
9 0 -2 0 0
9 1 -2 0 0
9 6 -1 0 0
9 7 -2 0 0
9 8 -2 0 0
9 12 -1 0 0
9 13 -2 0 0
9 15 -1 0 0
9 16 -1 0 0
9 17 -1 0 0
9 18 -1 0 0
9 19 -1 0 0
9 20 -1 0 0
9 22 -2 0 0
9 23 -2 0 0
9 29 -1 0 0
9 30 -1 0 0
9 31 -2 0 0
10 0 -2 0 0
10 1 -1 0 0
10 6 -1 0 0
10 7 -1 0 0
10 8 -2 0 0
10 12 -2 0 0
10 13 -2 0 0
10 14 9 14 0
10 15 -1 0 0
10 16 -1 0 0
10 17 -2 0 0
10 18 -2 0 0
10 19 -2 0 0
10 22 -2 0 0
10 28 -1 0 0
10 29 -2 0 0
10 30 -2 0 0
10 31 -2 0 0
11 2 -2 0 0
11 7 -2 0 0
11 8 -1 0 0
11 12 -1 0 0
11 13 -2 0 0
11 14 -2 0 0
11 15 -2 0 0
11 16 -2 0 0
11 17 -2 0 0
11 18 -2 0 0
11 19 -1 0 0
11 20 -2 0 0
11 24 10 24 0
11 25 10 25 0
11 28 -2 0 0
11 29 -2 0 0
11 30 -2 0 0
11 31 -2 0 0
12 3 -1 0 0
12 7 -2 0 0
12 8 -2 0 0
12 13 -1 0 0
12 14 -1 0 0
12 15 -1 0 0
12 16 -1 0 0
12 17 -1 0 0
12 18 -1 0 0
12 19 -1 0 0
12 24 -1 0 0
12 25 -2 0 0
12 30 -1 0 0
12 31 -2 0 0
13 3 -1 0 0
13 7 -1 0 0
13 8 -1 0 0
13 13 -1 0 0
13 14 -1 0 0
13 15 -1 0 0
13 16 -1 0 0
13 17 -1 0 0
13 18 -2 0 0
13 19 -1 0 0
13 24 -2 0 0
13 25 -2 0 0
13 29 -2 0 0
13 31 -2 0 0
14 3 -2 0 0
14 15 -1 0 0
14 24 -1 0 0
14 25 -2 0 0
14 29 -1 0 0
14 31 -2 0 0
15 29 -1 0 0
15 31 -2 0 0
16 3 15 3 0
16 15 15 15 0
16 17 -2 0 0
16 26 -2 0 0
16 26 -2 0 0
16 31 -2 0 0
17 17 -1 0 0
17 29 16 29 0
17 31 -2 0 0
18 12 -2 0 0
18 17 -2 0 0
18 26 -2 0 0
18 31 -2 0 0
19 31 -2 0 0
20 17 19 17 0
20 31 -2 0 0
21 31 -2 0 0
22 31 -2 0 0
23 31 22 31 1
47 31 45 31 0
48 31 46 31 0
49 31 47 31 1
50 31 48 31 0
51 31 49 31 0
52 31 50 31 0
53 31 51 31 0
54 31 52 31 0
55 31 53 31 0
56 31 54 31 0
57 31 55 31 0
58 31 56 31 0
59 25 -2 0 0
59 31 57 31 1
60 25 -1 0 0
60 26 -2 0 0
60 31 58 31 0
61 31 59 31 0
62 31 61 31 0
69 25 -2 0 0
70 25 -1 0 0
70 26 -2 0 0
70 31 69 31 0
71 5 -2 0 0
71 25 -2 0 0
71 26 -2 0 0
71 31 70 31 0
